HNSW Build Metrics
==================
Timestamp: 2025-12-13 20:46:16.557
Vectors: 676193
Dimension: 768
Space: ip
M: 32
efConstruction: 200
Threads: 12

Timing:
  Load: 5.21066 s
  Preprocess: 1.9574 s
  Build: 1012.41 s
  Total: 1019.58 s

Performance:
  Throughput: 667.904 vec/s
  Speedup vs original: 1.07526x
